8  9
11  9
13  11
15  13
17  15
21  8
23  21
23  17
32  33
35  33
37  35
39  37
41  39
45  32
47  45
47  41
56  57
59  57
61  59
63  61
65  63
69  56
71  69
71  65
80  81
83  81
85  83
87  85
89  87
91  89
93  91
80  93
127  125
161  169
172  154
184  153
187  145
199  144
202  138
245  247
262  289
296  271
304  270
311  278
279  319
326  255
342  343
343  344
342  345
345  346
346  347
347  348
350  351
348  352
352  353
353  354
354  355
355  356
357  358
356  359
359  360
360  361
361  362
364  365
344  362
368  366
369  367
370  368
371  369
371  372
373  374
374  375
364  375
376  377
365  377
376  378
378  379
379  380
380  381
382  383
384  385
381  386
386  387
387  388
388  389
391  392
389  393
373  393
396  394
397  395
398  396
398  399
351  394
395  349
350  400
400  401
363  402
401  403
403  404
404  405
406  402
407  405
408  406
410  408
411  409
412  410
413  411
414  412
414  415
417  407
418  416
419  417
420  418
421  419
421  422
423  420
399  422
424  397
425  426
428  426
429  427
430  431
415  428
430  413
432  363
432  433
391  433
434  390
435  392
435  425
438  436
440  438
442  440
443  441
444  442
445  443
445  446
447  372
448  446
449  447
451  452
453  436
453  454
454  455
457  455
458  459
460  457
459  370
444  460
458  461
462  463
464  461
465  462
466  464
467  465
385  466
467  383
366  384
468  449
469  451
470  468
471  469
472  470
357  471
367  473
472  473
476  474
477  475
463  476
477  478
474  480
382  481
480  481
482  483
390  483
482  484
475  484
429  478
485  431
427  434
358  486
486  487
488  489
490  487
491  488
492  490
493  491
452  492
424  493
495  423
489  496
496  497
349  497
498  409
499  416
500  498
501  499
502  500
503  501
506  504
507  505
508  506
509  507
510  508
511  509
512  510
513  511
485  516
517  518
502  516
504  517
505  519
520  503
520  521
495  521
518  522
522  523
523  524
524  512
525  526
526  527
519  527
528  513
525  528
532  530
532  533
533  448
530  534
534  535
441  535
959  725
1074  1075
1078  1075
1081  1078
1083  1081
1086  1083
1089  1086
1092  1089
1094  1092
1097  1094
1074  1097
1130  1131
1134  1131
1137  1134
1139  1137
1142  1139
1145  1142
1148  1145
1150  1148
1153  1150
1130  1153
1221  1222
1222  1223
1225  1218
1227  1225
1229  1227
1231  1229
1232  1230
1231  1233
1232  1235
1223  1235
1245  1243
1247  1245
1249  1247
1251  1249
1252  1250
1253  1254
1254  1255
1255  1256
1252  1256
1251  1257
1268  1269
1271  1269
1273  1271
1274  1275
1275  1276
1277  1278
1278  1279
1276  1279
1280  1281
1273  1281
1287  1285
1289  1287
1291  1289
1292  1293
1293  1294
1296  1297
1291  1297
1298  1299
1294  1301
1298  1301
1357  1359
1374  1401
1408  1383
1416  1382
1423  1390
1391  1431
1438  1367
1479  1477
1513  1521
1524  1506
1536  1505
1539  1497
1551  1496
1554  1490
1574  1575
1577  1575
1577  1578
1578  1579
1582  1580
1582  1583
1580  1584
1585  1579
1586  1584
1587  1585
1588  1586
1589  1587
1590  1588
1591  1589
1594  1592
1595  1593
1596  1594
1597  1595
1598  1596
1599  1597
1601  1599
1602  1603
1604  1591
1605  1593
1574  1604
1607  1608
1610  1608
1611  1609
1612  1610
1613  1611
1601  1612
1602  1613
1607  1605
1583  1614
1614  1615
1617  1615
1590  1617
1592  1618
1618  1619
1619  1620
1622  1620
1623  1621
1624  1622
1625  1623
1626  1624
1627  1625
1598  1626
1631  1629
1632  1630
1633  1631
1634  1632
1635  1633
1636  1634
1637  1635
1639  1637
1641  1639
1642  1640
1644  1642
1645  1646
1648  1629
1649  1650
1651  1648
1652  1650
1653  1651
1643  1652
1653  1641
1654  1655
1657  1655
1640  1657
1658  1644
1659  1646
1660  1658
1662  1659
1662  1663
1664  1660
1664  1665
1665  1654
1667  1649
1667  1668
1669  1670
1669  1671
1672  1668
1673  1671
1674  1672
1675  1673
1676  1674
1678  1679
1680  1676
1681  1678
1643  1680
1645  1681
1679  1682
1684  1682
1663  1684
1670  1686
1686  1687
1687  1688
1689  1690
1691  1688
1692  1690
1693  1691
1693  1675
1627  1694
1694  1695
1621  1692
1689  1696
1695  1696
1699  1697
1700  1698
1697  1701
1701  1702
1702  1703
1704  1705
1703  1706
1630  1706
1699  1636
1609  1700
1603  1707
1707  1708
1708  1709
1698  1709
1711  1712
1712  1713
1600  1713
1628  1666
1600  1647
1714  1715
1647  1715
1714  1716
1705  1716
1704  1717
1710  1717
1710  1718
1718  1719
1719  1720
1720  1721
1711  1721
1722  1723
1628  1723
1722  1724
1724  1725
1725  1726
1726  1727
1727  1728
1728  1729
1729  1730
1730  1731
1731  1732
1732  1733
1733  1734
1734  1735
1666  1735
2280  2281
2284  2281
2287  2284
2289  2287
2292  2289
2295  2292
2298  2295
2300  2298
2303  2300
2280  2303
2336  2337
2340  2337
2343  2340
2345  2343
2348  2345
2351  2348
2354  2351
2356  2354
2359  2356
2336  2359
2409  2410
2412  2410
2414  2412
2416  2414
2418  2416
2420  2421
2421  2422
2422  2426
2426  2427
2411  2427
2435  2436
2438  2436
2440  2438
2442  2440
2442  2429
2443  2444
2444  2445
2437  2446
2446  2447
2445  2447
2454  2452
2456  2454
2458  2456
2459  2460
2460  2461
2463  2464
2464  2465
2461  2465
2466  2467
2458  2467
2483  2481
2485  2483
2487  2485
2488  2489
2489  2490
2492  2493
2487  2493
2490  2494
2494  2495
2473  2495
2540  2541
2544  2541
2547  2544
2547  2548
2548  2549
2555  2553
2555  2556
2556  2557
2557  2554
2554  2558
2558  2552
2566  2564
2566  2567
2567  2568
2568  2565
2565  2569
2569  2563
2570  2571
2571  2573
2576  2573
2576  2577
2577  2578
2590  2588
2588  2595
2595  2601
2606  2601
2610  2606
2610  2615
2619  2620
2615  2619
2620  2624
2624  2630
2633  2634
2630  2635
2638  2639
2635  2638
2639  2633
2634  2642
2642  2643
2590  2643
2699  2697
2701  2699
2712  2697
2715  2712
2715  2716
2718  2716
2721  2718
2721  2722
2725  2722
2725  2726
2728  2726
2740  2736
2740  2742
2742  2743
2754  2752
2754  2755
2755  2756
2758  2756
2758  2759
2761  2759
2764  2761
2768  2766
2764  2768
2771  2766
2776  2774
2778  2776
2780  2778
2774  2784
2780  2785
2786  2787
2786  2788
2789  2785
2793  2789
2795  2793
2795  2709
2799  2797
2801  2799
2803  2801
2805  2803
2807  2805
2809  2807
2812  2797
2815  2812
2815  2816
2818  2816
2821  2818
2821  2822
2825  2822
2825  2826
2828  2826
2830  2828
2832  2830
2834  2832
2836  2834
2840  2836
2843  2840
2788  2843
2853  2851
2853  2854
2854  2855
2863  2860
2875  2873
2877  2875
2879  2877
2873  2883
2879  2884
2884  2885
2885  2809
2888  2889
2892  2621
2888  2892
2893  2894
2894  2895
2895  2896
2896  2612
2893  2897
2897  2838
2898  2899
2899  2900
2900  2901
2886  2901
2902  2604
2898  2902
2903  2904
2904  2905
2905  2906
2906  2587
2903  2907
2907  2738
2908  2909
2911  2909
2911  2912
2912  2913
2916  2914
2913  2916
2921  2922
2924  2922
2924  2925
2928  2925
2930  2928
2933  2934
2936  2934
2936  2937
2937  2938
2941  2939
2938  2941
2946  2947
2949  2947
2949  2950
2953  2950
2955  2953
2958  2959
2961  2959
2961  2962
2962  2963
2963  2964
2964  2965
2966  2967
2969  2967
2969  2970
2970  2971
2973  2974
2974  2966
2975  2976
2978  2976
2978  2979
2979  2980
2980  2981
2981  2982
2985  2986
3006  2986
3012  3010
3012  3013
3006  3013
3016  3010
3040  3036
3047  3040
3054  3047
3060  3056
3063  3060
3066  3063
2985  3066
3056  3083
3083  3084
3084  3054
3036  3085
3085  3016
3086  3087
3093  3091
3095  3093
3097  3095
3097  3098
3098  3099
3101  3086
3103  3101
3107  3103
3110  3107
3112  3110
3114  3112
3116  3114
3116  3117
3126  3127
3127  3128
3128  3129
3131  3129
3137  3134
3137  3138
3138  3139
3139  3140
3142  3140
3144  3142
3146  3144
3150  3151
3153  3151
3155  3153
3159  3155
3162  3159
3164  3162
3166  3164
3168  3166
3168  3169
3178  3179
3179  3180
3182  3180
3192  3190
3194  3192
3196  3194
3200  3196
3202  3200
3202  3203
3205  3203
3207  3205
3210  3207
3212  3210
3214  3212
3134  3222
3131  3223
3233  3231
3235  3233
3237  3235
3240  3237
3242  3240
3242  3243
3245  3243
3247  3245
3250  3247
3252  3250
3254  3252
3099  3262
3117  3120
3091  3265
3169  3172
3268  3146
3269  3270
3270  3271
3271  3272
3272  3034
3273  3181
3269  3273
3299  3297
3333  3341
3344  3326
3356  3325
3359  3317
3371  3316
3374  3310
3417  3419
3434  3461
3468  3443
3476  3442
3483  3450
3451  3491
3498  3427
3591  3592
3593  3594
3594  3592
3591  3595
3596  3597
3598  3595
3596  3599
3600  3601
3598  3604
3604  3605
3607  3605
3609  3610
3607  3609
3612  3610
3612  3613
3614  3615
3615  3613
3616  3617
3614  3616
3617  3618
3620  3621
3620  3622
3622  3618
3621  3623
3624  3627
3627  3623
3629  3624
3629  3630
3631  3632
3634  3632
3635  3633
3630  3637
3638  3639
3637  3641
3641  3635
3633  3642
3645  3646
3642  3645
3651  3652
3654  3650
3655  3650
3656  3652
3655  3657
3663  3660
3665  3666
3668  3666
3669  3670
3674  3672
3665  3675
3676  3677
3679  3680
3675  3681
3682  3673
3681  3683
3687  3682
3673  3688
3689  3671
3688  3692
3695  3689
3692  3696
3698  3693
3704  3702
3693  3703
3704  3705
3694  3705
3703  3706
3711  3709
3709  3701
3713  3701
3715  3716
3713  3719
3720  3721
3723  3721
3724  3722
3725  3723
3719  3728
3730  3720
3731  3725
3733  3724
3734  3735
3735  3733
3722  3736
3738  3739
3741  3739
3741  3742
3742  3740
3737  3743
3743  3736
3745  3737
3747  3748
3749  3750
3745  3749
3750  3751
3751  3747
3752  3753
3748  3752
3753  3746
3754  3744
3755  3746
3756  3757
3757  3755
3758  3759
3756  3758
3760  3761
3759  3760
3761  3762
3762  3754
3744  3763
3763  3738
3670  3715
3740  3764
3764  3765
3765  3672
3766  3674
3767  3676
3771  3769
3766  3770
3772  3773
3774  3775
3770  3774
3775  3768
3776  3768
3777  3769
3776  3782
3783  3784
3785  3786
3786  3777
3782  3787
3788  3789
3789  3790
3790  3780
3791  3787
3791  3792
3792  3788
3780  3793
3793  3778
3794  3778
3797  3795
3798  3796
3798  3799
3799  3797
3800  3801
3794  3800
3795  3801
3796  3802
3802  3779
3781  3803
3803  3779
3783  3804
3804  3781
3805  3806
3784  3805
3807  3785
3808  3806
3810  3811
3810  3812
3812  3808
3811  3813
3813  3809
3809  3814
3815  3807
3815  3816
3816  3814
3817  3771
3818  3772
3818  3819
3820  3817
3822  3823
3823  3820
3830  3826
3601  3829
3832  3833
3837  3833
3839  3832
3840  3838
3839  3841
3841  3842
3847  3845
3599  3845
3597  3848
3849  3850
3840  3849
3838  3851
3851  3852
3853  3854
3854  3819
3773  3855
3856  3767
3859  3857
3860  3858
3862  3860
3864  3865
3867  3855
3867  3868
3868  3866
3866  3869
3870  3857
3870  3871
3871  3869
3861  3872
3872  3859
3863  3873
3873  3861
3874  3875
3863  3874
3875  3876
3876  3865
3877  3878
3864  3877
3878  3879
3880  3862
3881  3882
3879  3881
3880  3882
3858  3883
3883  3856
3679  3884
3884  3677
3885  3886
3680  3885
3886  3678
3888  3678
3889  3887
3891  3892
3890  3893
3893  3888
3894  3890
3895  3892
3894  3896
3895  3898
3899  3896
3899  3900
3900  3897
3898  3901
3901  3897
3891  3902
3903  3904
3904  3905
3905  3889
3906  3902
3906  3907
3907  3903
3911  3909
3887  3910
3911  3912
3912  3913
3914  3663
3918  3910
3919  3920
3920  3918
3922  3909
3913  3923
3925  3914
3927  3660
3930  3927
3932  3926
3656  3926
3651  3933
3644  3935
3935  3631
3636  3936
3937  3634
3937  3938
3938  3936
3638  3939
3939  3636
3940  3639
3940  3941
3944  3945
3941  3944
3947  3945
3947  3948
3949  3950
3948  3949
3951  3952
3950  3951
3952  3953
3955  3956
3953  3955
3956  3957
3957  3958
3959  3960
3960  3958
3959  3600
3963  3829
3963  3964
3968  3964
3969  3970
3970  3968
3971  3972
3830  3971
3826  3973
3973  3974
3977  3975
3980  3669
3716  3981
3984  3702
3694  3985
3989  3695
3671  3977
4050  4051
4051  4052
4052  4053
4053  4054
4058  4059
4054  4059
4058  4060
4060  4061
4061  4062
4062  4063
4064  4065
4063  4066
4066  4067
4067  4068
4068  4069
4071  4072
4069  4073
4050  4073
4074  4075
4075  4076
4074  4077
4077  4078
4078  4079
4079  4080
4081  4082
4080  4083
4083  4084
4084  4085
4085  4086
4086  4087
4088  4089
4087  4090
4090  4091
4091  4092
4092  4093
4094  4095
4076  4093
4096  4097
4097  4098
4089  4099
4099  4100
4100  4101
4103  4101
4105  4103
4107  4105
4107  4108
4108  4109
4109  4088
4112  4113
4115  4116
4116  4117
4119  4115
4122  4119
4122  4123
4123  4124
4124  4125
4117  4129
4131  4129
4132  4130
4125  4131
4132  4133
4133  4134
4135  4136
4112  4137
4137  4138
4138  4139
4120  4139
4120  4140
4144  4140
4146  4144
4149  4146
4150  4151
4150  4152
4113  4149
4152  4111
4153  4154
4154  4155
4157  4158
4160  4155
4161  4159
4162  4160
4164  4162
4165  4163
4166  4164
4167  4165
4168  4166
4169  4167
4170  4171
4172  4168
4174  4170
4174  4175
4176  4172
4176  4153
4195  4193
4171  4195
4197  4169
4199  4193
4203  4201
4201  4208
4209  4199
4211  4209
4211  4212
4212  4175
4216  4214
4217  4215
4218  4216
4219  4217
4220  4218
4221  4219
4222  4220
4158  4221
4223  4156
4224  4157
4225  4159
4226  4224
4227  4225
4228  4226
4229  4227
4230  4228
4231  4229
4215  4230
4231  4232
4236  4234
4234  4239
4240  4232
4241  4239
4242  4240
4243  4241
4244  4242
4163  4243
4244  4161
4197  4236
4245  4222
4246  4223
4094  4245
4246  4247
4055  4095
4096  4248
4249  4055
4214  4249
4252  4203
4255  4252
4259  4257
4261  4259
4262  4260
4255  4261
4262  4263
4263  4264
4267  4257
4267  4268
4268  4208
4273  4072
4273  4264
4071  4274
4275  4070
4276  4274
4277  4275
4278  4276
4279  4277
4260  4278
4111  4280
4098  4280
4151  4281
4248  4281
4130  4284
4286  4284
4287  4134
4288  4136
4289  4287
4290  4288
4291  4289
4065  4290
4291  4292
4286  4292
4279  4293
4293  4294
4296  4294
4297  4295
4297  4298
4070  4299
4299  4300
4296  4301
4300  4301
4298  4344
4064  4344
4135  4295
4156  4345
4345  4102
4102  4346
4081  4347
4346  4347
4082  4247
4394  4395
4408  4409
4426  4424
4432  4433
4435  4436
4440  4441
4446  4447
4450  4451
4453  4454
4466  4464
4468  4469
4471  4472
4484  4482
4486  4487
4489  4490
4500  4498
4512  4513
4513  4518
4518  4521
4574  4575
4602  4600
4604  4605
4660  4658
4665  4660
4679  4665
4704  4702
4706  4707
4762  4760
4781  4767
4804  4805
4810  4808
4864  4862
4869  4864
4883  4869
4934  4908
4934  4935
4906  4935
4972  4945
4972  4973
4947  4973
3735  3645
5022  5023
5023  5024
5026  5024
5027  5025
5028  5026
5029  5027
5030  5028
5031  5029
5032  5030
5033  5031
5033  5034
5034  5035
5022  5036
5036  5037
5037  5038
5032  5038
5035  5039
5039  5040
5040  5041
5025  5041
3823  5042
5042  5043
3594  5043
5044  5045
3735  5044
3645  5045
3823  3594
3854  3970
3920  5046
5046  5047
3935  5047
5048  5049
5050  5051
5051  5052
5052  5053
5053  5054
5050  5055
5056  5057
5057  5058
5058  5059
5061  5059
5062  5060
5063  5061
5064  5062
5065  5063
5066  5064
5067  5065
5054  5066
5068  5069
3970  5069
3854  5068
5055  5060
5048  5067
5049  5056
3920  3935
5070  5071
5071  5072
5072  5073
5070  5074
5074  5075
5075  5076
5076  5077
5077  5078
5078  5079
5079  5080
5080  5081
5081  5082
5082  5083
5083  5084
5084  5085
5085  5086
5086  5087
5087  5088
5088  5089
5089  5090
5090  5091
5091  5092
5073  5092
5093  5094
5093  5095
5095  5096
5096  5097
5097  5098
5098  5099
5099  5100
5100  5101
5101  5102
5102  5103
5103  5104
5104  5105
5105  5106
5106  5107
5107  5108
5108  5109
5109  5110
5110  5111
5111  5112
5112  5113
5113  5114
5114  5115
5094  5115
5152  5153
5156  5153
5152  5189
5232  5233
5236  5233
5239  5236
5241  5239
5244  5241
5247  5244
5250  5247
5252  5250
5255  5252
5232  5255
5123  5119
5161  5157
5287  5159
5346  5121
5363  5364
5367  5363
5364  5412
5457  5458
5461  5458
5464  5461
5466  5464
5469  5466
5472  5469
5475  5472
5477  5475
5480  5477
5457  5480
5370  5512
5409  5531
5583  5584
5586  5584
5619  5622
5623  5619
5624  5621
5638  5639
5642  5640
5642  5643
5568  5640
5648  5601
5601  5636
5581  5650
5659  5660
5663  5660
5665  5663
5666  5667
5667  5665
5668  5669
5671  5669
5673  5671
5675  5673
5677  5675
5679  5677
5679  5680
5689  5690
5686  5689
5693  5694
5691  5693
5697  5698
5695  5697
5701  5702
5704  5702
5705  5703
5706  5704
5706  5707
5708  5705
5709  5707
5712  5709
5714  5712
5716  5717
5719  5717
5714  5718
5719  5720
5720  5721
5723  5721
5727  5725
5727  5728
5718  5701
5716  5729
5730  5731
5733  5731
5733  5725
5734  5735
5737  5735
5728  5736
5737  5738
5740  5738
5740  5708
5736  5741
5742  5734
5741  5743
5742  5703
5730  5743
5732  5744
5732  5723
5729  5744
5749  5747
5751  5749
5751  5752
5747  5753
5755  5753
5757  5755
5760  5758
5758  5759
5760  5761
5761  5759
5764  5762
5762  5763
5766  5764
5766  5767
5769  5767
5772  5770
5770  5771
5772  5773
5773  5771
5776  5774
5774  5775
5776  5777
5777  5775
5780  5778
5780  5781
5783  5781
5786  5783
5788  5786
5793  5791
5791  5792
5795  5792
5797  5795
5799  5797
5802  5800
5800  5801
5802  5803
5803  5801
5809  5633
5645  5722
5646  5724
5710  5604
5711  5606
5614  5765
5919  5920
5946  5954
5982  5983
6026  6027
3268  3172
3973  4337
3971  4282
3265  3120
3851  4114
4343  3849
3115  3850
3089  3852
2883  2851
3845  4339
3597  4285
2871  3848
2852  3847
2784  2752
4118  3833
4336  3841
2753  3837
2772  3842
3977  4270
4326  3695
6080  3989
6071  3975
4269  3682
4322  3692
6240  3687
6212  3696
3927  4312
3914  4235
6097  3925
6087  3930
4303  3709
3719  4205
6183  3728
6170  3711
3167  3972
3148  3974
6443  6441
6457  6458
6454  6457
6461  6462
6459  6461
6465  6466
6463  6465
6469  4395
6470  4407
6470  6471
6472  6469
6473  6471
6473  6474
6475  6472
6476  6474
6477  6478
6475  6477
6476  6478
4404  6479
6480  4394
6481  6479
6482  6480
6483  6481
6484  6482
6484  6485
6485  6483
4463  6486
6487  4447
6488  6486
6489  6487
6490  6488
6491  6489
6491  6492
6492  6490
6493  4446
6494  4462
6494  6495
6496  6493
6497  6495
6497  6498
6499  6496
6500  6498
6501  6499
6502  6500
6502  6503
6503  6501
4476  6504
6505  4464
6506  6504
6506  6507
6508  6505
6508  6509
6509  6507
6510  4466
6511  4481
6512  6510
6513  6511
6514  6512
6515  6513
6515  6516
6517  6514
6518  6516
6519  6517
6520  6518
6520  6521
6521  6522
6522  6519
4419  4417
6523  6524
6526  6524
6527  6525
6528  6526
6529  6527
6530  6531
6525  6532
6533  6523
6529  6532
4479  6528
6530  6534
6534  6535
6535  6536
6536  6537
4417  6537
4419  6538
6538  6539
6539  6540
6522  6540
6541  4480
6533  6541
6552  4431
6554  6552
6557  6554
6559  6557
6492  6559
4430  4431
6561  6562
6564  6562
6565  6563
6566  6564
6567  6565
6563  6568
6569  6561
6567  6568
6566  4459
4430  6570
6570  6571
6571  6572
6503  6572
6573  4461
6569  6573
4495  4497
6574  6575
6577  6575
6578  6576
6579  6577
6580  6578
6576  6581
6582  6574
6580  6581
4406  6579
6583  6477
6583  6584
6584  6585
4497  6585
4495  6586
6586  6587
6589  6587
6589  6590
6588  4403
6582  6588
6607  6608
6610  6607
6610  6611
6612  6452
6613  6450
6611  6613
6608  6612
6452  6450
4479  4480
4403  4406
6617  6614
6618  6619
6619  6617
6621  6618
6622  6623
6623  6621
6625  6622
6626  6627
6627  6625
6629  6626
6632  6630
6630  6631
6632  6633
6633  6631
4027  6504
4005  6601
4006  6602
4010  6606
4009  6605
4459  4461
4039  6549
5884  5881
5881  6644
6644  5880
5819  5880
5822  6645
6645  5819
5824  5822
5826  6646
6646  5824
5654  5826
5735  5742
5872  6660
6660  6661
6661  5871
6660  6662
6662  6663
6663  6664
6664  5757
6661  6665
6665  6666
6666  6667
6667  6668
6668  5659
5667  5751
5717  5729
5669  5762
6682  5681
6682  6683
6683  6684
5892  6684
6684  6688
5731  5743
6698  6699
6699  6700
6698  5769
6700  6701
6701  6702
6688  6702
6703  5790
6703  6704
6704  6705
6705  6706
6707  5799
6707  6708
6708  6709
6709  6710
5702  5706
6706  6710
5780  5791
6724  6725
6728  6725
6731  6728
6731  6732
6732  6733
6733  6734
6740  6738
6740  6741
6741  6742
6742  6739
6739  6743
6743  6737
6751  6749
6751  6752
6752  6753
6753  6750
6750  6754
6754  6748
6755  6756
6756  6758
6761  6758
6761  6762
6762  6763
6763  6764
6776  6774
6774  6781
6781  6787
6792  6787
6796  6792
6796  6801
6805  6806
6801  6805
6806  6810
6810  6816
6819  6820
6816  6821
6824  6825
6821  6824
6825  6819
6820  6828
6828  6829
6776  6829
6885  6883
6887  6885
6898  6883
6901  6898
6901  6902
6904  6902
6907  6904
6907  6908
6911  6908
6911  6912
6914  6912
6926  6922
6926  6928
6928  6929
6940  6938
6940  6941
6941  6942
6944  6942
6944  6945
6947  6945
6950  6947
6954  6952
6950  6954
6957  6952
6962  6960
6964  6962
6966  6964
6960  6970
6966  6971
6972  6973
6972  6974
6975  6971
6979  6975
6981  6979
6981  6895
6985  6983
6987  6985
6989  6987
6991  6989
6993  6991
6995  6993
6998  6983
7001  6998
7001  7002
7004  7002
7007  7004
7007  7008
7011  7008
7011  7012
7014  7012
7016  7014
7018  7016
7020  7018
7022  7020
7026  7022
7029  7026
6974  7029
7039  7037
7039  7040
7040  7041
7049  7046
7061  7059
7063  7061
7065  7063
7059  7069
7065  7070
7070  7071
7071  6995
7074  7075
7078  6807
7074  7078
7079  7080
7080  7081
7081  7082
7082  6798
7079  7083
7083  7024
7084  7085
7085  7086
7086  7087
7072  7087
7088  6790
7084  7088
7089  7090
7090  7091
7091  7092
7092  6773
7089  7093
7093  6924
7094  7095
7097  7095
7097  7098
7098  7099
7102  7100
7099  7102
7107  7108
7110  7108
7110  7111
7114  7111
7116  7114
7119  7120
7122  7120
7122  7123
7123  7124
7127  7125
7124  7127
7132  7133
7135  7133
7135  7136
7139  7136
7141  7139
7144  7145
7147  7145
7147  7148
7148  7149
7149  7150
7150  7151
7152  7153
7155  7153
7155  7156
7156  7157
7159  7160
7160  7152
7161  7162
7164  7162
7164  7165
7165  7166
7166  7167
7167  7168
7171  7172
7192  7172
7198  7196
7198  7199
7192  7199
7202  7196
7226  7222
7233  7226
7240  7233
7246  7242
7249  7246
7252  7249
7171  7252
7242  7269
7269  7270
7270  7240
7222  7271
7271  7202
7272  7273
7279  7277
7281  7279
7283  7281
7283  7284
7284  7285
7287  7272
7289  7287
7293  7289
7296  7293
7298  7296
7300  7298
7302  7300
7302  7303
7312  7313
7313  7314
7314  7315
7317  7315
7323  7320
7323  7324
7324  7325
7325  7326
7328  7326
7330  7328
7332  7330
7336  7337
7339  7337
7341  7339
7345  7341
7348  7345
7350  7348
7352  7350
7354  7352
7354  7355
7364  7365
7365  7366
7368  7366
7378  7376
7380  7378
7382  7380
7386  7382
7388  7386
7388  7389
7391  7389
7393  7391
7396  7393
7398  7396
7400  7398
7320  7408
7317  7409
7419  7417
7421  7419
7423  7421
7426  7423
7428  7426
7428  7429
7431  7429
7433  7431
7436  7433
7438  7436
7440  7438
7285  7448
7303  7306
7277  7451
7355  7358
7454  7332
7455  7456
7456  7457
7457  7458
7458  7220
7459  7367
7455  7459
7460  7461
7464  7461
7467  7464
7467  7468
7468  7469
7469  7470
7476  7474
7476  7477
7477  7478
7478  7475
7475  7479
7479  7473
7487  7485
7487  7488
7488  7489
7489  7486
7486  7490
7490  7484
7491  7492
7492  7494
7497  7494
7497  7498
7498  7499
7499  7500
7512  7510
7510  7517
7517  7523
7528  7523
7532  7528
7532  7537
7541  7542
7537  7541
7542  7546
7546  7552
7555  7556
7552  7557
7560  7561
7557  7560
7561  7555
7556  7564
7564  7565
7512  7565
7621  7619
7623  7621
7634  7619
7637  7634
7637  7638
7640  7638
7643  7640
7643  7644
7647  7644
7647  7648
7650  7648
7662  7658
7662  7664
7664  7665
7676  7674
7676  7677
7677  7678
7680  7678
7680  7681
7683  7681
7686  7683
7690  7688
7686  7690
7693  7688
7698  7696
7700  7698
7702  7700
7696  7706
7702  7707
7708  7709
7708  7710
7711  7707
7715  7711
7717  7715
7717  7631
7721  7719
7723  7721
7725  7723
7727  7725
7729  7727
7731  7729
7734  7719
7737  7734
7737  7738
7740  7738
7743  7740
7743  7744
7747  7744
7747  7748
7750  7748
7752  7750
7754  7752
7756  7754
7758  7756
7762  7758
7765  7762
7710  7765
7775  7773
7775  7776
7776  7777
7785  7782
7797  7795
7799  7797
7801  7799
7795  7805
7801  7806
7806  7807
7807  7731
7810  7811
7814  7543
7810  7814
7815  7816
7816  7817
7817  7818
7818  7534
7815  7819
7819  7760
7820  7821
7821  7822
7822  7823
7808  7823
7824  7526
7820  7824
7825  7826
7826  7827
7827  7828
7828  7509
7825  7829
7829  7660
7830  7831
7833  7831
7833  7834
7834  7835
7838  7836
7835  7838
7843  7844
7846  7844
7846  7847
7850  7847
7852  7850
7855  7856
7858  7856
7858  7859
7859  7860
7863  7861
7860  7863
7868  7869
7871  7869
7871  7872
7875  7872
7877  7875
7880  7881
7883  7881
7883  7884
7884  7885
7885  7886
7886  7887
7888  7889
7891  7889
7891  7892
7892  7893
7895  7896
7896  7888
7897  7898
7900  7898
7900  7901
7901  7902
7902  7903
7903  7904
7907  7908
7928  7908
7934  7932
7934  7935
7928  7935
7938  7932
7962  7958
7969  7962
7976  7969
7982  7978
7985  7982
7988  7985
7907  7988
7978  8005
8005  8006
8006  7976
7958  8007
8007  7938
8008  8009
8015  8013
8017  8015
8019  8017
8019  8020
8020  8021
8023  8008
8025  8023
8029  8025
8032  8029
8034  8032
8036  8034
8038  8036
8038  8039
8048  8049
8049  8050
8050  8051
8053  8051
8059  8056
8059  8060
8060  8061
8061  8062
8064  8062
8066  8064
8068  8066
8072  8073
8075  8073
8077  8075
8081  8077
8084  8081
8086  8084
8088  8086
8090  8088
8090  8091
8100  8101
8101  8102
8104  8102
8114  8112
8116  8114
8118  8116
8122  8118
8124  8122
8124  8125
8127  8125
8129  8127
8132  8129
8134  8132
8136  8134
8056  8144
8053  8145
8155  8153
8157  8155
8159  8157
8162  8159
8164  8162
8164  8165
8167  8165
8169  8167
8172  8169
8174  8172
8176  8174
8021  8184
8039  8042
8013  8187
8091  8094
8190  8068
8191  8192
8192  8193
8193  8194
8194  7956
8195  8103
8191  8195
8219  8221
8236  8263
8270  8245
8278  8244
8285  8252
8253  8293
8300  8229
8341  8339
8375  8383
8386  8368
8398  8367
8401  8359
8413  8358
8416  8352
8653  8654
8655  8656
8653  8657
8658  8659
8660  8657
8658  8661
8660  8663
8663  8664
8664  8665
8668  8669
8665  8668
8671  8669
8671  8672
8673  8674
8674  8672
8675  8676
8673  8675
8676  8677
8679  8680
8679  8681
8681  8677
8680  8682
8685  8683
8689  8687
8689  8690
8691  8682
8691  8692
8692  8683
8687  8693
8693  8685
8696  8694
8694  8695
8690  8696
8697  8698
8700  8698
8700  8701
8704  8702
8702  8703
8705  8703
8695  8704
8706  8707
8707  8697
8708  8705
8709  8706
8709  8710
8711  8708
8713  8714
8717  8718
8721  8719
8724  8725
8727  8725
8728  8726
8729  8730
8731  8732
8728  8733
8737  8733
8726  8738
8738  8739
8745  8743
8740  8743
8740  8746
8746  8747
8748  8749
8747  8750
8749  8751
8752  8753
8748  8756
8757  8758
8759  8760
8761  8762
8756  8761
8762  8763
8764  8754
8765  8766
8763  8765
8764  8766
8767  8754
8768  8755
8769  8767
8769  8770
8771  8772
8772  8770
8773  8774
8771  8773
8774  8775
8775  8768
8757  8776
8776  8755
8759  8777
8777  8758
8778  8779
8760  8780
8781  8782
8727  8783
8780  8784
8785  8786
8787  8788
8784  8787
8789  8790
8790  8785
8789  8791
8792  8788
8793  8791
8793  8794
8795  8792
8796  8797
8797  8794
8799  8795
8799  8800
8800  8798
8798  8801
8802  8803
8802  8804
8804  8801
8805  8806
8803  8805
8806  8807
8807  8808
8808  8796
8809  8810
8786  8809
8810  8811
8811  8778
8812  8779
8814  8781
8815  8813
8816  8817
8818  8812
8819  8813
8819  8820
8821  8818
8823  8824
8827  8828
8833  8829
8832  8835
8837  8838
8842  8838
8844  8837
8845  8843
8844  8846
8846  8847
8852  8850
8661  8850
8659  8853
8854  8855
8845  8854
8843  8856
8856  8857
8858  8815
8859  8860
8861  8862
8858  8861
8859  8862
8863  8864
8860  8863
8867  8868
8869  8870
8864  8869
8871  8872
8870  8871
8873  8865
8873  8874
8874  8872
8867  8875
8875  8865
8868  8876
8876  8866
8866  8817
8816  8877
8877  8814
8729  8782
8878  8879
8730  8878
8731  8879
8880  8881
8732  8880
8883  8884
8886  8884
8881  8885
8886  8887
8888  8889
8891  8885
8891  8892
8892  8893
8893  8890
8890  8894
8894  8883
8896  8887
8897  8898
8898  8896
8897  8899
8899  8895
8895  8900
8901  8902
8902  8889
8903  8904
8900  8903
8904  8905
8905  8901
8906  8907
8888  8906
8882  8907
8882  8909
8721  8910
8912  8909
8913  8914
8910  8916
8719  8917
8917  8918
8919  8920
8701  8919
8923  8920
8923  8924
8925  8926
8926  8924
8927  8928
8925  8927
8928  8929
8931  8932
8929  8931
8932  8933
8933  8934
8935  8936
8936  8934
8937  8835
8935  8937
8940  8832
8940  8941
8941  8942
8943  8944
8945  8946
8833  8945
8829  8947
8947  8948
8724  8949
8783  8950
9012  9013
9013  9014
9012  9015
9015  9016
9016  9017
9017  9018
9019  9020
9018  9021
9021  9022
9022  9023
9023  9024
9024  9025
9026  9027
9025  9028
9028  9029
9029  9030
9030  9031
9032  9033
9035  9033
9036  9034
9037  9035
9014  9031
9039  9040
9040  9041
9036  9041
9043  9044
9034  9044
9043  9045
9045  9046
9046  9047
9047  9048
9049  9050
9048  9051
9051  9052
9052  9053
9053  9054
9055  9056
9054  9057
9039  9057
9058  9059
9062  9060
9063  9061
9064  9062
9065  9063
9066  9064
9067  9065
9068  9066
9069  9067
9070  9068
9071  9069
9060  9072
9073  9058
9074  9072
9075  9076
9075  9077
9078  9074
9079  9077
9080  9078
9081  9079
9070  9080
9082  9083
9086  9084
9087  9085
9088  9086
9089  9087
9090  9088
9091  9089
9071  9090
9091  9092
9084  9061
9095  9093
9095  9096
9098  9099
9101  9099
9101  9102
9098  9103
9104  9105
9103  9105
9049  9104
9106  9050
9110  9108
9111  9109
9112  9110
9113  9111
9113  9114
9102  9106
9115  9116
9118  9116
9118  9119
9119  9120
9121  9122
9122  9123
9125  9120
9128  9125
9130  9128
9133  9130
9134  9135
9136  9133
9137  9135
9115  9136
9139  9137
9141  9139
9142  9140
9143  9141
9144  9142
9145  9143
9146  9144
9147  9145
9026  9146
9149  9150
9114  9150
9149  9121
9123  9151
9109  9151
9152  9073
9153  9076
9154  9152
9155  9153
9156  9157
9093  9059
9159  9096
9159  9160
9160  9154
9163  9161
9164  9162
9166  9164
9166  9167
9162  9168
9168  9170
9171  9172
9157  9170
9171  9155
9174  9156
9174  9175
9167  9175
9176  9172
9081  9176
9178  9179
9092  9179
9038  9178
9038  9180
9042  9181
9181  9182
9183  9180
9083  9182
9085  9183
9184  9185
9187  9185
9188  9189
9190  9187
9191  9189
9192  9190
9194  9191
9197  9192
9200  9197
9161  9200
9201  9163
9201  9184
9204  9205
9206  9020
9207  9205
9208  9206
9209  9207
9210  9208
9211  9209
9188  9211
9204  9212
9212  9194
9134  9213
9216  9213
9147  9216
9112  9217
9219  9217
9108  9032
9037  9220
9219  9220
9140  9221
9223  9221
9224  9222
9027  9225
9225  9226
9223  9226
9097  9256
9256  9082
9042  9056
9055  9257
9097  9257
9210  9258
9222  9258
9224  9259
9259  9260
9019  9260
8718  8914
8828  8944
8714  8753
8824  8656
9308  9309
9309  9310
9310  9311
9311  9312
9312  9313
9313  9314
9314  9315
9315  9316
9316  9317
9317  9318
9318  9319
9319  9320
9320  9321
9321  9322
9322  9323
9323  9324
9324  9325
9325  9326
9326  9327
9327  9328
9328  9329
9329  9330
9308  9330
9331  9332
9332  9333
9333  9334
9331  9335
9335  9336
9336  9337
9337  9338
9338  9339
9339  9340
9340  9341
9341  9342
9342  9343
9343  9344
9344  9345
9345  9346
9346  9347
9347  9348
9348  9349
9349  9350
9350  9351
9351  9352
9352  9353
9334  9353
9356  9354
9363  9361
9366  9367
9361  9385
9368  9385
9354  9403
9386  9403
8828  9404
9407  9408
9408  9358
9404  9409
9409  9365
8718  9407
8914  9360
8944  9367
9412  9413
9414  9415
9417  9415
9419  9417
9421  9419
9423  9421
9425  9426
9426  9427
9413  9427
9412  9416
9556  9557
9560  9557
9563  9560
9565  9563
9568  9565
9571  9568
9574  9571
9576  9574
9579  9576
9556  9579
9581  9582
9582  9583
9583  9584
9584  9585
9588  9589
9589  9590
9595  9593
9597  9595
9590  9597
9585  9602
9613  9611
9618  9619
9622  9619
9618  9627
9611  9659
9644  9659
8656  9660
9663  9664
9664  9615
9660  9665
9665  9624
8753  9663
9616  8714
8824  9668
9620  9668
9672  9673
9675  9676
9676  9677
9681  9679
9683  9681
9685  9683
9673  9685
9687  9688
9686  9687
9675  9688
9817  9818
9821  9818
9824  9821
9826  9824
9829  9826
9832  9829
9835  9832
9837  9835
9840  9837
9817  9840
9842  9843
9843  9844
9844  9845
9845  9846
9842  9847
9864  9865
9867  9865
9869  9867
9870  9871
9869  9871
9872  9873
9886  9887
9904  9902
9910  9911
9913  9914
9918  9919
9924  9925
9938  9939
9941  9942
9944  9945
9956  9957
9959  9960
9964  9962
9974  9975
9992  9990
9998  9999
10001  10002
10006  10004
10016  10014
10030  10031
10027  10030
10034  10035
10032  10034
10038  10039
10036  10038
10042  9925
10043  9937
10043  10044
10045  10042
10046  10044
10046  10047
10048  10045
10049  10047
10050  10051
10048  10050
10049  10051
9934  10052
10053  9924
10054  10052
10055  10053
10056  10054
10057  10055
10057  10058
10058  10056
9955  10059
10060  9945
10061  10059
10062  10060
10063  10061
10064  10062
10064  10065
10065  10063
10066  9944
10067  9954
10067  10068
10069  10066
10070  10068
10070  10071
10072  10069
10073  10071
10074  10072
10075  10073
10075  10076
10076  10074
9968  10077
10078  9962
10079  10077
10079  10080
10081  10078
10081  10082
10082  10080
10083  9964
10084  9973
10085  10083
10086  10084
10087  10085
10088  10086
10088  10089
10090  10087
10091  10089
10092  10090
10093  10091
10093  10094
10094  10095
10095  10092
9985  9983
10096  10097
10099  10097
10100  10098
10101  10099
10102  10100
10103  10104
10098  10105
10106  10096
10102  10105
9971  10101
10103  10107
10107  10108
10108  10109
10109  10110
9983  10110
9985  10111
10111  10112
10112  10113
10095  10113
10114  9972
10106  10114
10125  9997
10127  10125
10130  10127
10132  10130
10065  10132
9996  9997
10134  10135
10137  10135
10138  10136
10139  10137
10140  10138
10136  10141
10142  10134
10140  10141
10139  9951
9996  10143
10143  10144
10144  10145
10076  10145
10146  9953
10142  10146
10011  10013
10147  10148
10150  10148
10151  10149
10152  10150
10153  10151
10149  10154
10155  10147
10153  10154
9936  10152
10156  10050
10156  10157
10157  10158
10013  10158
10011  10159
10159  10160
10162  10160
10162  10163
10161  9933
10155  10161
10180  10181
10183  10180
10183  10184
10185  10025
10186  10023
10184  10186
10181  10185
10025  10023
9971  9972
9933  9936
10190  10187
10191  10192
10192  10190
10194  10191
10195  10196
10196  10194
10198  10195
10199  10200
10200  10198
10202  10199
10205  10203
10203  10204
10205  10206
10206  10204
8553  10077
8531  10174
8532  10175
8536  10179
8535  10178
9951  9953
8565  10122
10216  10217
10219  10220
10224  10225
10230  10231
10234  10235
10237  10238
10250  10248
10252  10253
10255  10256
10268  10266
10270  10271
10273  10274
10306  10307
10333  10341
10369  10370
10413  10414
10450  10451
10477  10485
10513  10514
10557  10558
7454  7358
8947  9243
8945  9215
7451  7306
8856  9148
9251  8854
7301  8855
7275  8857
7069  7037
8850  9252
8659  9218
7057  8853
7038  8852
6970  6938
9124  8838
9245  8846
6939  8842
6958  8847
8190  8094
8917  9234
8910  9199
8089  8916
8070  8918
8187  8042
8783  9177
9237  8724
8037  8949
8011  8950
7805  7773
9227  8743
8747  9173
7793  8750
7774  8745
7706  7674
9239  8733
8738  9238
7675  8737
7694  8739
7353  8946
7334  8948
10668  10666
10682  10683
10679  10682
10686  10687
10684  10686
10690  10691
10688  10690
10694  9873
10695  9885
10695  10696
10697  10694
10698  10696
10698  10699
10700  10697
10701  10699
10702  10703
10700  10702
10701  10703
9882  10704
10705  9872
10706  10704
10707  10705
10708  10706
10709  10707
10709  10710
10710  10708
10247  10711
10712  10231
10713  10711
10714  10712
10715  10713
10716  10714
10716  10717
10717  10715
10718  10230
10719  10246
10719  10720
10721  10718
10722  10720
10722  10723
10724  10721
10725  10723
10726  10724
10727  10725
10727  10728
10728  10726
10260  10729
10730  10248
10731  10729
10731  10732
10733  10730
10733  10734
10734  10732
10735  10250
10736  10265
10737  10735
10738  10736
10739  10737
10740  10738
10740  10741
10742  10739
10743  10741
10744  10742
10745  10743
10745  10746
10746  10747
10747  10744
9897  9895
10748  10749
10751  10749
10752  10750
10753  10751
10754  10752
10755  10756
10750  10757
10758  10748
10754  10757
10263  10753
10755  10759
10759  10760
10760  10761
10761  10762
9895  10762
9897  10763
10763  10764
10764  10765
10747  10765
10766  10264
10758  10766
10777  9909
10779  10777
10782  10779
10784  10782
10717  10784
9908  9909
10786  10787
10789  10787
10790  10788
10791  10789
10792  10790
10788  10793
10794  10786
10792  10793
10791  10243
9908  10795
10795  10796
10796  10797
10728  10797
10798  10245
10794  10798
10279  10281
10799  10800
10802  10800
10803  10801
10804  10802
10805  10803
10801  10806
10807  10799
10805  10806
9884  10804
10808  10702
10808  10809
10809  10810
10281  10810
10279  10811
10811  10812
10814  10812
10814  10815
10813  9881
10807  10813
10832  10833
10835  10832
10835  10836
10837  10677
10838  10675
10836  10838
10833  10837
10677  10675
10263  10264
9881  9884
10842  10839
10843  10844
10844  10842
10846  10843
10847  10848
10848  10846
10850  10847
10851  10852
10852  10850
10854  10851
10857  10855
10855  10856
10857  10858
10858  10856
8989  10729
8967  10826
8968  10827
8972  10831
8971  10830
10243  10245
9001  10774
11034  11035
11047  11045
11052  11053
11065  11063
11070  11071
11074  11071
11074  11075
11090  11091
11211  11209
11216  11214
11214  11215
11201  11215
11209  11216
11218  11201
11221  11219
11219  11220
11222  11220
11218  11221
11222  11223
11226  11224
11224  11225
11227  11225
11223  11226
11227  11230
11230  11233
11234  11211
11234  11235
11235  11233
11310  11308
11310  11311
11312  11313
11313  11314
11255  11309
11314  11315
11315  11316
11257  11317
11317  11318
11318  11319
11319  11320
11320  11321
11312  11321
11316  11322
11322  11323
11323  11324
11311  11324
11375  11277
11274  11376
11379  11273
11268  11380
11383  11264
11309  11384
11385  11098
11383  11386
11400  11417
11402  11419
11426  11401
11418  11309
11427  11383
11387  11416
11399  11439
11441  11405
11451  11407
11453  11406
11463  11404
11462  11380
11452  11379
11376  11450
11440  11375
11492  11490
11497  11494
11498  11499
11505  11506
11508  11509
11515  11516
11518  11519
11525  11526
